
pn1_1 = 8^(1/3)+1/3*8^(-4/3)*0.1+4/9*1/2*0.1^2*8^(-7/3)
pn1_2 = 1/(3*2)*0.1^3*28/27*7.9^(-10/3)
pn2_1 = 1-1/2*0.3^2+1/(4*3*2)*0.3^4-1/(6*5*4*3*2)*0.3^6
pn2_2 = 1/(8*7*6*5*4*3*2)*0.3^8
pn3_1 = 0.2-1/2*0.2^2
pn3_2 = 2*1/(3*2)*0.2^3